---------------------------------------------------------------------
Results for 2Br-2MePropane_1.all 

Average dfH = -31.3 

Uncertainty = 0.28
Computational contribution = 0.25
Experimental contribution = 0.11
Standard deviation (unweighted) = 0.23
---------------------------------------------------------------------
Number of reactions with all coeficients ≤  10.0 : 37  of  37
Parameters:
h1 = 2.32 
h2 = 4.51 

Summ of all weights = 8.33
---------------------------------------------------------------------
Average values and MSE of reaction characteristics:

                         Mean       St dev          Min          Max
             dfH       -31.30         0.13       -31.86       -30.65
        drE_corr         3.68         1.03        -2.42         7.82
        n+dn_red         3.77         0.71         2.67        12.00
             drH         6.97         1.89        -6.46        15.53
          dHconf         0.11         0.13        -0.12         0.75
         dHtherm         0.75         0.28        -0.34         2.00
         drE_CBS         6.04         1.59        -6.18        13.36
          drE_IT         0.09         0.02        -0.15         0.16
          drE_CV        -0.02         0.01        -0.04         0.02
             u/2         0.05         0.03         0.03         0.45


---------------------------------------------------------------------
37 reactions with the best weights:
---------------------------------------------------------------------
          weight     dfH  drE_corr  dn  n+|dn|      u     drH  dHconf  dHtherm  drE_CBS  drE_CV  drE_IT                                                      reaction_names
25  1.000000e+00 -31.241     3.862   0    3.33  0.072   6.649   0.000    0.800    5.778  -0.014   0.085           3*BrC4H9+2*Methane(g)->2*iso-Butane(g)+3*Ethyl bromide(g)
22  8.911977e-01 -31.168     4.627   0    3.33  0.065   8.001   0.166    1.012    6.742  -0.013   0.094             3*BrC4H9+2*Methane(g)->2*n-Butane(g)+3*Ethyl bromide(g)
5   7.317940e-01 -31.387     2.588   0    4.00  0.091   4.289   0.000    0.391    3.853  -0.024   0.069                    BrC4H9+Ethane(g)->iso-Butane(g)+Ethyl bromide(g)
0   6.969494e-01 -31.277     3.735   0    4.00  0.078   6.316   0.250    0.710    5.296  -0.023   0.083                      BrC4H9+Ethane(g)->n-Butane(g)+Ethyl bromide(g)
6   6.148160e-01 -31.350     3.933   0    4.00  0.080   8.451   0.000    0.777    7.582  -0.020   0.112                    BrC4H9+Methane(g)->iso-Butane(g)+Bromomethane(g)
4   5.774412e-01 -31.240     5.080   0    4.00  0.064  10.478   0.250    1.096    9.025  -0.018   0.125                      BrC4H9+Methane(g)->n-Butane(g)+Bromomethane(g)
3   4.942854e-01 -31.070     5.148   0    4.00  0.068   8.747   0.000    1.157    7.498  -0.009   0.101                      BrC4H9+Methane(g)->Propane(g)+Ethyl bromide(g)
10  3.599592e-01 -31.462     2.237   0    3.00  0.158   4.785   0.031    0.387    4.325  -0.018   0.060            2*BrC4H9+Ethane(g)->2*iso-Butane(g)+1,2-Dibromoethane(g)
35  3.338561e-01 -31.389     2.874   0    2.67  0.153   5.966   0.031    0.591    5.289  -0.013   0.068       6*BrC4H9+2*Methane(g)->5*iso-Butane(g)+3*1,2-Dibromoethane(g)
11  2.869128e-01 -31.352     3.384   0    3.00  0.151   6.813   0.281    0.706    5.769  -0.017   0.074              2*BrC4H9+Ethane(g)->2*n-Butane(g)+1,2-Dibromoethane(g)
36  2.602396e-01 -31.298     3.830   0    2.67  0.148   7.655   0.239    0.857    6.492  -0.012   0.079         6*BrC4H9+2*Methane(g)->5*n-Butane(g)+3*1,2-Dibromoethane(g)
23  2.586405e-01 -31.568     2.021   0    5.00  0.116   4.910   0.000    0.165    4.693  -0.036   0.088             2*BrC4H9+3*Ethane(g)->3*iso-Butane(g)+2*Bromomethane(g)
27  2.523224e-01 -31.403     3.742   0    5.00  0.092   7.951   0.374    0.643    6.859  -0.033   0.108               2*BrC4H9+3*Ethane(g)->3*n-Butane(g)+2*Bromomethane(g)
17  2.375491e-01 -31.561     1.589   0    4.00  0.177   3.868   0.031    0.234    3.568  -0.018   0.053         2*BrC4H9+2*Propane(g)->3*iso-Butane(g)+1,2-Dibromoethane(g)
19  1.850038e-01 -31.397     3.309   0    4.00  0.163   6.910   0.406    0.712    5.735  -0.016   0.073           2*BrC4H9+2*Propane(g)->3*n-Butane(g)+1,2-Dibromoethane(g)
33  1.779837e-01 -31.409     2.344   0    3.00  0.222   4.723   0.047    0.498    4.142  -0.010   0.046  4*BrC4H9+2*Bromomethane(g)->3*iso-Butane(g)+3*1,2-Dibromoethane(g)
34  1.683608e-01 -31.175     4.480   0    3.50  0.151   8.588   0.031    1.037    7.439  -0.007   0.088          4*BrC4H9+3*Methane(g)->5*Propane(g)+2*1,2-Dibromoethane(g)
26  1.512674e-01 -31.092     5.861   0    5.00  0.072  11.597   0.000    1.312   10.162  -0.012   0.135               2*BrC4H9+3*Methane(g)->3*Propane(g)+2*Bromomethane(g)
31  1.446015e-01 -31.327     3.204   0    3.00  0.219   6.244   0.234    0.737    5.225  -0.009   0.057    4*BrC4H9+2*Bromomethane(g)->3*n-Butane(g)+3*1,2-Dibromoethane(g)
28  8.355624e-02 -31.264     3.532   0    5.00  0.166   6.620   0.031    0.692    5.840  -0.019   0.076             2*BrC4H9+3*Ethane(g)->4*Propane(g)+1,2-Dibromoethane(g)
7   7.860840e-02 -31.537     1.885   0    4.00  0.300   5.282   0.062    0.383    4.799  -0.013   0.051         BrC4H9+Ethyl bromide(g)->iso-Butane(g)+1,2-Dibromoethane(g)
1   6.116897e-02 -31.428     3.032   0    4.00  0.296   7.310   0.312    0.701    6.243  -0.011   0.065           BrC4H9+Ethyl bromide(g)->n-Butane(g)+1,2-Dibromoethane(g)
2   6.115938e-02 -31.257     3.100   0    4.00  0.293   5.578   0.062    0.762    4.716  -0.002   0.040             BrC4H9+Bromomethane(g)->Propane(g)+1,2-Dibromoethane(g)
12  5.928226e-02 -31.189     3.884   0    6.00  0.109   6.123   0.000    0.697    5.366  -0.025   0.085                   BrC4H9+2*Ethane(g)->2*Propane(g)+Ethyl bromide(g)
8   5.393422e-02 -31.584     1.292   0    6.00  0.159   2.454   0.000    0.086    2.338  -0.024   0.054               BrC4H9+2*Propane(g)->2*iso-Butane(g)+Ethyl bromide(g)
9   4.722789e-02 -31.365     3.586   0    6.00  0.129   6.509   0.499    0.724    5.226  -0.021   0.081                 BrC4H9+2*Propane(g)->2*n-Butane(g)+Ethyl bromide(g)
14  2.771095e-02 -30.951     6.412   0    6.00  0.084  11.371   0.000    1.617    9.630   0.007   0.117                   BrC4H9+2*Methane(g)->2*Ethane(g)+Ethyl bromide(g)
13  2.010616e-02 -31.025     3.720   0    6.00  0.193   3.047   0.000    0.845    2.172  -0.002   0.032                        BrC4H9+2*Bromomethane(g)->3*Ethyl bromide(g)
30  9.248159e-03 -31.026     6.060   0    6.00  0.162  11.868   0.031    1.612   10.104   0.013   0.108             2*BrC4H9+4*Methane(g)->5*Ethane(g)+1,2-Dibromoethane(g)
29  5.338412e-03 -31.251     2.667   0    6.00  0.442   4.537   0.093    0.832    3.591   0.016   0.005      2*BrC4H9+4*Bromomethane(g)->3*Ethane(g)+3*1,2-Dibromoethane(g)
15  1.266797e-03 -31.271     3.965   0    8.00  0.146   7.661   0.000    0.623    6.962  -0.036   0.112                    BrC4H9+3*Ethane(g)->3*Propane(g)+Bromomethane(g)
18  1.136067e-03 -31.864     0.077   0    8.00  0.227   2.158   0.000   -0.293    2.421  -0.035   0.065                BrC4H9+3*Propane(g)->3*iso-Butane(g)+Bromomethane(g)
20  9.933006e-04 -31.536     3.519   0    8.00  0.179   8.241   0.749    0.663    6.754  -0.030   0.105                  BrC4H9+3*Propane(g)->3*n-Butane(g)+Bromomethane(g)
21  2.908931e-04 -30.914     7.757   0    8.00  0.102  15.533   0.000    2.002   13.361   0.011   0.159                    BrC4H9+3*Methane(g)->3*Ethane(g)+Bromomethane(g)
16  1.189977e-04 -31.490     2.479   0    8.00  0.603   8.110   0.124    0.679    7.259  -0.001   0.049      BrC4H9+3*Ethyl bromide(g)->2*Propane(g)+2*1,2-Dibromoethane(g)
24  6.271448e-08 -30.649     7.816   0   10.00  0.641   9.383  -0.124    1.634    7.738  -0.017   0.152      BrC4H9+2*Methane(g)+2*1,2-Dibromoethane(g)->5*Ethyl bromide(g)
32  9.892849e-10 -31.587    -2.424   0   12.00  0.890  -6.459   0.187   -0.339   -6.178   0.020  -0.149       BrC4H9+5*Bromomethane(g)->3*Methane(g)+3*1,2-Dibromoethane(g)




---------------------------------------------------------------------
10 reactions with the worst weights:
---------------------------------------------------------------------
          weight     dfH  drE_corr  dn  n+|dn|      u     drH  dHconf  dHtherm  drE_CBS  drE_CV  drE_IT                                                  reaction_names
32  9.892849e-10 -31.587    -2.424   0    12.0  0.890  -6.459   0.187   -0.339   -6.178   0.020  -0.149   BrC4H9+5*Bromomethane(g)->3*Methane(g)+3*1,2-Dibromoethane(g)
24  6.271448e-08 -30.649     7.816   0    10.0  0.641   9.383  -0.124    1.634    7.738  -0.017   0.152  BrC4H9+2*Methane(g)+2*1,2-Dibromoethane(g)->5*Ethyl bromide(g)
16  1.189977e-04 -31.490     2.479   0     8.0  0.603   8.110   0.124    0.679    7.259  -0.001   0.049  BrC4H9+3*Ethyl bromide(g)->2*Propane(g)+2*1,2-Dibromoethane(g)
21  2.908931e-04 -30.914     7.757   0     8.0  0.102  15.533   0.000    2.002   13.361   0.011   0.159                BrC4H9+3*Methane(g)->3*Ethane(g)+Bromomethane(g)
20  9.933006e-04 -31.536     3.519   0     8.0  0.179   8.241   0.749    0.663    6.754  -0.030   0.105              BrC4H9+3*Propane(g)->3*n-Butane(g)+Bromomethane(g)
18  1.136067e-03 -31.864     0.077   0     8.0  0.227   2.158   0.000   -0.293    2.421  -0.035   0.065            BrC4H9+3*Propane(g)->3*iso-Butane(g)+Bromomethane(g)
15  1.266797e-03 -31.271     3.965   0     8.0  0.146   7.661   0.000    0.623    6.962  -0.036   0.112                BrC4H9+3*Ethane(g)->3*Propane(g)+Bromomethane(g)
29  5.338412e-03 -31.251     2.667   0     6.0  0.442   4.537   0.093    0.832    3.591   0.016   0.005  2*BrC4H9+4*Bromomethane(g)->3*Ethane(g)+3*1,2-Dibromoethane(g)
30  9.248159e-03 -31.026     6.060   0     6.0  0.162  11.868   0.031    1.612   10.104   0.013   0.108         2*BrC4H9+4*Methane(g)->5*Ethane(g)+1,2-Dibromoethane(g)
13  2.010616e-02 -31.025     3.720   0     6.0  0.193   3.047   0.000    0.845    2.172  -0.002   0.032                    BrC4H9+2*Bromomethane(g)->3*Ethyl bromide(g)




---------------------------------------------------------------------
10 reactions with the worst dHf:
---------------------------------------------------------------------
          weight     dfH  drE_corr  dn  n+|dn|      u    drH  dHconf  dHtherm  drE_CBS  drE_CV  drE_IT                                                  reaction_names
18  1.136067e-03 -31.864     0.077   0     8.0  0.227  2.158   0.000   -0.293    2.421  -0.035   0.065            BrC4H9+3*Propane(g)->3*iso-Butane(g)+Bromomethane(g)
32  9.892849e-10 -31.587    -2.424   0    12.0  0.890 -6.459   0.187   -0.339   -6.178   0.020  -0.149   BrC4H9+5*Bromomethane(g)->3*Methane(g)+3*1,2-Dibromoethane(g)
8   5.393422e-02 -31.584     1.292   0     6.0  0.159  2.454   0.000    0.086    2.338  -0.024   0.054           BrC4H9+2*Propane(g)->2*iso-Butane(g)+Ethyl bromide(g)
23  2.586405e-01 -31.568     2.021   0     5.0  0.116  4.910   0.000    0.165    4.693  -0.036   0.088         2*BrC4H9+3*Ethane(g)->3*iso-Butane(g)+2*Bromomethane(g)
17  2.375491e-01 -31.561     1.589   0     4.0  0.177  3.868   0.031    0.234    3.568  -0.018   0.053     2*BrC4H9+2*Propane(g)->3*iso-Butane(g)+1,2-Dibromoethane(g)
7   7.860840e-02 -31.537     1.885   0     4.0  0.300  5.282   0.062    0.383    4.799  -0.013   0.051     BrC4H9+Ethyl bromide(g)->iso-Butane(g)+1,2-Dibromoethane(g)
20  9.933006e-04 -31.536     3.519   0     8.0  0.179  8.241   0.749    0.663    6.754  -0.030   0.105              BrC4H9+3*Propane(g)->3*n-Butane(g)+Bromomethane(g)
16  1.189977e-04 -31.490     2.479   0     8.0  0.603  8.110   0.124    0.679    7.259  -0.001   0.049  BrC4H9+3*Ethyl bromide(g)->2*Propane(g)+2*1,2-Dibromoethane(g)
10  3.599592e-01 -31.462     2.237   0     3.0  0.158  4.785   0.031    0.387    4.325  -0.018   0.060        2*BrC4H9+Ethane(g)->2*iso-Butane(g)+1,2-Dibromoethane(g)
1   6.116897e-02 -31.428     3.032   0     4.0  0.296  7.310   0.312    0.701    6.243  -0.011   0.065       BrC4H9+Ethyl bromide(g)->n-Butane(g)+1,2-Dibromoethane(g)
