dHf(AM1) = 26.633170
dHf(RM1) = 23.287010
dHf(PM3) = 36.027010
dHf(PM6) = 13.618050
dHf(PM6-D3) = 5.741100
dHf(PM6-D3H4) = 12.286520
dHf(PM6-D3H4X) = 13.901250
dHf(PM7) = 16.054100
dHf(group aaproach) = 16.700000
