E(gfn1) = -35.808142787192
E(gfn2) = -36.928092661241
E(gfnff) = -2.559281428985
