dHf(AM1) = -19.639630
dHf(RM1) = -39.025370
dHf(PM3) = -17.500320
dHf(PM6) = -42.089560
dHf(PM6-D3) = -57.199940
dHf(PM6-D3H4) = -38.556380
dHf(PM6-D3H4X) = -35.252130
dHf(PM7) = -37.682660
dHf(group aaproach) = -38.600000
