dHf(AM1) = 21.567300
dHf(RM1) = 14.083060
dHf(PM3) = 37.017930
dHf(PM6) = -7.601360
dHf(PM6-D3) = -31.030620
dHf(PM6-D3H4) = -16.300270
dHf(PM6-D3H4X) = -13.235410
dHf(PM7) = -7.551170
dHf(group aaproach) = 0.800000
