E(gfn1) = -63.118691957076
E(gfn2) = -62.724956675244
E(gfnff) = -5.981926541908
