E(gfn1) = -68.843751574816
E(gfn2) = -70.5747481805
E(gfnff) = -4.136827569576
