dHf(AM1) = -190.156590
dHf(RM1) = -181.358100
dHf(PM3) = -168.757190
dHf(PM6) = -192.255530
dHf(PM6-D3) = -225.512010
dHf(PM6-D3H4) = -167.858360
dHf(PM6-D3H4X) = -166.649540
dHf(PM7) = -199.139450
dHf(group aaproach) = -177.900000
