dHf(AM1) = 98.759330
dHf(RM1) = 84.359630
dHf(PM3) = 118.141960
dHf(PM6) = 70.865450
dHf(PM6-D3) = 53.434340
dHf(PM6-D3H4) = 63.433790
dHf(PM6-D3H4X) = 67.028360
dHf(PM7) = 69.197800
dHf(group aaproach) = 64.400000
