E(gfn1) = -80.046531665838
E(gfn2) = -79.576811416648
E(gfnff) = -8.436793914778
