E(gfn1) = -35.944010962357
E(gfn2) = -37.324749069879
E(gfnff) = -2.044912180682
