E(gfn1) = -66.577660215732
E(gfn2) = -66.685333452744
E(gfnff) = -5.420545195089
