dHf(AM1) = -2.310140
dHf(RM1) = -5.898430
dHf(PM3) = 4.632990
dHf(PM6) = -10.522680
dHf(PM6-D3) = -15.329300
dHf(PM6-D3H4) = -12.542850
dHf(PM6-D3H4X) = -10.865510
dHf(PM7) = -5.910880
dHf(group aaproach) = -6.700000
