E(gfn1) = -39.007291371244
E(gfn2) = -40.093446599464
E(gfnff) = -3.007271676638
