E(gfn1) = -30.632412246651
E(gfn2) = -30.6872620999
E(gfnff) = -2.353590101511
