E(gfn1) = -66.384083317269
E(gfn2) = -65.789936312908
E(gfnff) = -6.361336654658
