dHf(AM1) = 41.734630
dHf(RM1) = 39.977100
dHf(PM3) = 55.009920
dHf(PM6) = 33.498080
dHf(PM6-D3) = 24.618360
dHf(PM6-D3H4) = 37.265300
dHf(PM6-D3H4X) = 37.265300
dHf(PM7) = 36.489740
dHf(group aaproach) = 33.000000
