dHf(AM1) = 2.258130
dHf(RM1) = -43.866250
dHf(PM3) = -2.491880
dHf(PM6) = -46.498780
dHf(PM6-D3) = -86.482170
dHf(PM6-D3H4) = -46.133180
dHf(PM6-D3H4X) = -42.777010
dHf(PM7) = -43.150030
dHf(group aaproach) = -39.800000
