dHf(AM1) = 46.866020
dHf(RM1) = 44.307610
dHf(PM3) = 59.526360
dHf(PM6) = 37.620640
dHf(PM6-D3) = 30.432730
dHf(PM6-D3H4) = 40.129230
dHf(PM6-D3H4X) = 40.129230
dHf(PM7) = 41.452640
dHf(group aaproach) = 37.800000
