E(gfn1) = -39.093973467114
E(gfn2) = -39.109643255943
E(gfnff) = -3.58067941972
