E(gfn1) = -95.639564282054
E(gfn2) = -95.999951675397
E(gfnff) = -8.462995879097
