dHf(AM1) = 58.497260
dHf(RM1) = 60.806440
dHf(PM3) = 82.775250
dHf(PM6) = 54.730940
dHf(PM6-D3) = 48.367050
dHf(PM6-D3H4) = 52.353570
dHf(PM6-D3H4X) = 52.353570
dHf(PM7) = 56.403380
dHf(group aaproach) = 51.000000
