dHf(AM1) = -73.654850
dHf(RM1) = -67.292130
dHf(PM3) = -57.147130
dHf(PM6) = -76.804710
dHf(PM6-D3) = -96.013080
dHf(PM6-D3H4) = -65.882980
dHf(PM6-D3H4X) = -65.346750
dHf(PM7) = -78.554630
dHf(group aaproach) = -68.700000
