E(gfn1) = -103.50330645539
E(gfn2) = -101.397773540159
E(gfnff) = -10.547584693404
